m = [-3.0000  0  5]; %guess
s = [1.3599 1.0000  1]; %guess
mb= [-10.0000   -1.000;
     -1.0000    1.50000;
      1.500     12.0000];
sb= [0.2000    2.50;
     0.1000    3.00;
     0.4500    5.00];
xvec=-10:0.1:10;
%xvec=-10:0.2:10;

% previous version
%m = [-5.0000  0  3.9]; %guess
%s = [1.3599 1.0000  0.5]; %guess
%mb= [-8.0000   -2.500;
%     -2.5000    2.50000;
%      3.000     8.0000];
%sb= [0.5000    2.000;
%     0.5000    3.50;
%     0.5000    8.00];
%xvec=-10:0.25:10;

